121 56 
121 56 
121 56 
121 56 
121 56 
121 56 
121 56 
121 56 
121 56 
121 56 
121 56 
121 56 
121 56 
121 56 
121 56 
121 56 
121 56 
121 56 
121 56 
121 56 
121 56 
121 56 
121 56 
121 56 
121 56 
121 56 
121 56 
121 56 
121 56 
121 56 
121 56 
121 56 
121 56 
121 56 
121 56 
121 56 
121 56 
121 56 
121 56 
121 56 
121 58 
121 58 
121 60 
123 64 
125 70 
127 76 
127 76 
129 83 
131 88 
131 88 
135 97 
137 102 
137 102 
138 105 
140 109 
142 113 
144 118 
144 118 
145 122 
145 126 
145 126 
148 133 
148 133 
149 136 
151 139 
153 141 
155 145 
155 145 
159 150 
162 153 
164 157 
167 160 
170 164 
170 164 
172 167 
175 172 
178 176 
180 179 
180 179 
182 181 
182 181 
184 184 
184 184 
184 184 
187 188 
187 188 
187 188 
195 195 
195 195 
204 201 
204 201 
204 201 
221 211 
224 212 
224 212 
228 213 
228 213 
228 213 
228 213 
228 213 
228 213 
228 213 
228 213 
228 213 
228 213 
228 213 
228 213 
228 213 
228 213 
228 213 
228 213 
228 213 
228 213 
228 213 
228 213 
228 213 
228 213 
228 213 
228 213 
228 212 
228 212 
228 206 
232 199 
232 199 
242 191 
242 191 
264 177 
339 144 
339 144 
367 137 
367 137 
367 137 
443 123 
443 123 
457 122 
457 122 
467 121 
487 121 
487 121 
493 121 
493 121 
498 121 
498 121 
498 121 
516 121 
522 121 
522 121 
526 121 
538 121 
541 121 
541 121 
545 121 
548 121 
551 121 
554 122 
556 122 
557 123 
559 124 
559 124 
559 124 
559 125 
559 126 
559 128 
559 128 
559 130 
559 132 
560 134 
561 137 
561 142 
561 142 
562 145 
563 148 
563 152 
563 156 
563 156 
564 162 
564 168 
567 175 
568 182 
568 182 
570 192 
573 202 
576 213 
580 224 
580 224 
584 234 
587 243 
590 248 
592 252 
594 256 
594 256 
595 257 
596 258 
597 261 
598 262 
598 262 
599 264 
600 265 
600 266 
601 268 
601 268 
601 269 
601 269 
601 269 
601 269 
601 269 
601 269 
601 269 
601 269 
601 269 
601 269 
601 269 
601 269 
601 269 
601 269 
601 269 
601 269 
601 269 
601 269 
601 269 
601 269 
601 269 
601 269 
601 269 
601 269 
601 269 
601 269 
601 269 
601 269 
601 269 
601 269 
601 269 
601 269 
601 269 
601 269 
601 269 
601 269 
601 269 
601 269 
601 269 
601 269 
601 269 
601 269 
601 269 
601 269 
601 269 
601 269 
601 269 
601 269 
601 269 
601 269 
601 269 
604 270 
604 270 
606 271 
610 271 
617 271 
626 272 
635 272 
635 272 
644 273 
654 273 
665 274 
676 274 
676 274 
687 275 
700 275 
710 275 
723 275 
735 275 
735 275 
747 275 
759 275 
772 275 
782 275 
782 275 
793 274 
804 273 
815 271 
825 270 
825 270 
835 268 
844 268 
853 267 
862 267 
862 267 
872 266 
882 265 
889 265 
897 265 
904 264 
904 264 
909 264 
915 263 
920 262 
924 261 
924 261 
926 261 
927 259 
928 259 
928 259 
928 259 
928 259 
928 259 
928 259 
930 258 
932 257 
932 257 
934 256 
935 256 
936 256 
937 254 
937 254 
937 254 
937 254 
937 254 
937 254 
937 254 
937 254 
937 254 
937 254 
937 254 
937 254 
937 254 
937 254 
937 254 
937 254 
937 254 
937 254 
937 254 
937 254 
